Camera Calibrated 0.28147621504809495

Camera Matrix:
 [[915.37177912   0.         348.10318624]
 [  0.         913.89575247 308.21490507]
 [  0.           0.           1.        ]]

Distorsion Parameters:
 [[-5.14555756e-01  2.28936765e+00 -1.84878001e-03 -5.85049028e-03
  -1.03441015e+01]]

Rotation Vectors:
 (array([[-0.16803547],
       [ 0.07446379],
       [-3.12856343]]), array([[-0.16351243],
       [ 0.01047893],
       [-3.12774894]]), array([[-0.1310792 ],
       [-0.08793504],
       [-3.09637175]]), array([[-0.08618489],
       [-0.09364547],
       [-3.04471063]]), array([[0.16299349],
       [0.04295601],
       [3.09960665]]), array([[0.15672674],
       [0.04670147],
       [3.06952022]]), array([[0.1542565 ],
       [0.02431258],
       [3.13990919]]), array([[-0.2055797 ],
       [-0.03487878],
       [-3.11487588]]), array([[-0.1908381 ],
       [ 0.01214496],
       [-3.08719456]]), array([[-0.17796841],
       [-0.07634161],
       [-3.09541152]]), array([[-0.07316358],
       [-0.04865182],
       [-3.09557247]]), array([[-0.08386334],
       [-0.03508399],
       [-3.0991196 ]]), array([[-0.08267737],
       [-0.05537723],
       [-3.12801866]]), array([[-0.02813178],
       [-0.06344394],
       [-3.11999026]]), array([[-0.0254269 ],
       [-0.03900194],
       [-3.13081838]]), array([[-2.36899254e-02],
       [ 2.60614013e-03],
       [-3.13083408e+00]]), array([[ 0.09342301],
       [-0.04015757],
       [-3.13061747]]), array([[-0.04957186],
       [-0.04057378],
       [-3.13610263]]), array([[-0.05007083],
       [ 0.0368788 ],
       [-3.13709173]]), array([[0.02721393],
       [0.02261345],
       [3.14396397]]), array([[-0.01940649],
       [-0.06825483],
       [-3.11392979]]), array([[-0.00651874],
       [-0.09254571],
       [-3.11906022]]), array([[0.08116165],
       [0.02536435],
       [3.1379808 ]]), array([[-0.12011859],
       [ 0.02579211],
       [-3.10131086]]), array([[-0.06642489],
       [-0.02557136],
       [-3.12786429]]), array([[-0.06654797],
       [-0.01512061],
       [-3.09878017]]), array([[ 0.02133115],
       [-0.05295546],
       [-3.09641496]]), array([[ 0.09396286],
       [-0.15096441],
       [-3.09631268]]), array([[ 0.11760327],
       [-0.22976151],
       [-3.09776797]]))

Translation Vectors:
 (array([[ 24.99217588],
       [ 19.09195836],
       [223.62446936]]), array([[ 25.25968757],
       [ 18.93240393],
       [225.97400812]]), array([[ 26.4135637 ],
       [ 17.43899974],
       [224.18447038]]), array([[ 30.06006942],
       [ 14.03080642],
       [221.93064662]]), array([[ 20.70701925],
       [ 12.89300455],
       [216.78813919]]), array([[ 18.49769851],
       [  9.00189176],
       [216.89696597]]), array([[ 24.48567203],
       [ 18.02975488],
       [216.11416278]]), array([[ 26.13782613],
       [ 11.22586154],
       [210.87023157]]), array([[ 24.40961913],
       [ 12.13715035],
       [210.77443528]]), array([[ 27.00116379],
       [ 12.60205751],
       [215.83006204]]), array([[ 22.3047819 ],
       [ 13.92363998],
       [211.75691943]]), array([[ 21.17279052],
       [ 13.12628207],
       [209.54226919]]), array([[ 25.36696355],
       [ 11.87431442],
       [223.67246308]]), array([[ 19.43302086],
       [ 18.39219277],
       [218.77631647]]), array([[ 23.45426776],
       [ 19.17349147],
       [217.4334843 ]]), array([[ 23.50314145],
       [ 19.28686134],
       [215.68572375]]), array([[ 23.98107228],
       [ 19.3327884 ],
       [212.19523152]]), array([[ 29.1235325 ],
       [ 18.57343251],
       [214.66999964]]), array([[ 29.07687237],
       [ 18.6756139 ],
       [211.3908507 ]]), array([[ 18.82250002],
       [ 18.20994553],
       [212.33190179]]), array([[ 33.92550113],
       [ 16.75340196],
       [212.85853763]]), array([[ 37.25551451],
       [ 17.23159638],
       [213.73269813]]), array([[ 23.2426821 ],
       [  8.46220142],
       [221.56616084]]), array([[ 26.85949728],
       [ 14.66794702],
       [214.80685054]]), array([[ 22.93628828],
       [ 11.23206728],
       [218.73633895]]), array([[ 25.20473865],
       [ 15.40086003],
       [217.98405013]]), array([[ 26.75979934],
       [ 16.8997575 ],
       [215.70522578]]), array([[ 26.82983827],
       [ 16.97694986],
       [217.97314369]]), array([[ 26.35014384],
       [ 17.38308774],
       [220.0144322 ]]))
total error: 0.06237565337529785
